#N canvas 400 28 528 645 10;
#X obj 76 528 cos~;
#X obj 76 505 *~;
#X obj 119 528 cos~;
#X obj 174 473 wrap~;
#X obj 138 473 -~;
#X obj 119 505 +~;
#X obj 112 558 -~;
#X obj 132 590 *~;
#X obj 94 590 +~;
#X obj 138 441 samphold~;
#X floatatom 138 241 4 0 127 0 - - -, f 4;
#X obj 138 308 line~;
#X obj 138 285 pack 0 50;
#X obj 29 384 phasor~;
#X floatatom 29 290 4 0 127 0 - - -, f 4;
#X text 20 251 fundamental;
#X floatatom 336 304 4 0 127 0 - - -, f 4;
#X obj 336 375 line~;
#X obj 247 504 *~;
#X obj 336 352 pack 0 50;
#N canvas 94 264 600 388 make-table 0;
#X msg 81 44 bang;
#X obj 81 73 t b b;
#X obj 159 142 f;
#X obj 197 142 + 1;
#X msg 175 112 0;
#X obj 81 102 until;
#X obj 161 177 t f f;
#X obj 76 306 tabwrite bell-curve;
#X obj 52 270 expr exp(-$f1*$f1);
#X obj 63 168 sel 199;
#X obj 51 241 expr ($f1-100)/25;
#N canvas 0 0 450 300 (subpatch) 0;
#X array bell-curve 200 float 1;
#A 0 1.12535e-07 1.54727e-07 2.12059e-07 2.89706e-07 3.94519e-07 5.35535e-07
7.24633e-07 9.77371e-07 1.31404e-06 1.76105e-06 2.35258e-06 3.13275e-06
4.15832e-06 5.50199e-06 7.25659e-06 9.54016e-06 1.25023e-05 1.63317e-05
2.1266e-05 2.76026e-05 3.57128e-05 4.60584e-05 5.92113e-05 7.58768e-05
9.69224e-05 0.00012341 0.000156634 0.000198167 0.000249912 0.000314163
0.000393669 0.000491721 0.000612231 0.000759842 0.000940028 0.00115923
0.00142498 0.00174605 0.00213263 0.00259648 0.00315111 0.00381201 0.00459678
0.0055254 0.0066204 0.00790705 0.0094136 0.0111714 0.013215 0.0155826
0.0183156 0.0214592 0.0250621 0.0291763 0.0338573 0.0391639 0.0451575
0.0519019 0.0594631 0.0679081 0.0773047 0.0877205 0.0992216 0.111872
0.125732 0.140858 0.1573 0.1751 0.194291 0.214896 0.236928 0.260383
0.285247 0.311486 0.339053 0.367879 0.397882 0.428956 0.46098 0.493812
0.527292 0.561244 0.595473 0.62977 0.663916 0.697676 0.730811 0.763074
0.794216 0.823987 0.852144 0.878447 0.902668 0.924595 0.944027 0.960789
0.974725 0.985703 0.99362 0.998401 1 0.998401 0.99362 0.985703 0.974725
0.960789 0.944027 0.924595 0.902668 0.878447 0.852144 0.823987 0.794216
0.763074 0.730811 0.697676 0.663916 0.62977 0.595473 0.561244 0.527292
0.493812 0.46098 0.428956 0.397882 0.367879 0.339053 0.311486 0.285247
0.260383 0.236928 0.214896 0.194291 0.1751 0.1573 0.140858 0.125732
0.111872 0.0992216 0.0877205 0.0773047 0.0679081 0.0594631 0.0519019
0.0451575 0.0391639 0.0338573 0.0291763 0.0250621 0.0214592 0.0183156
0.0155826 0.013215 0.0111714 0.0094136 0.00790705 0.0066204 0.0055254
0.00459678 0.00381201 0.00315111 0.00259648 0.00213263 0.00174605 0.00142498
0.00115923 0.000940028 0.000759842 0.000612231 0.000491721 0.000393669
0.000314163 0.000249912 0.000198167 0.000156634 0.00012341 9.69224e-05
7.58768e-05 5.92113e-05 4.60584e-05 3.57128e-05 2.76026e-05 2.1266e-05
1.63317e-05 1.25023e-05 9.54016e-06 7.25659e-06 5.50199e-06 4.15832e-06
3.13275e-06 2.35258e-06 1.76105e-06 1.31404e-06 9.77371e-07 7.24633e-07
5.35535e-07 3.94519e-07 2.89706e-07 2.12059e-07 1.54727e-07;
#X coords 0 1 199 0 200 140 1;
#X restore 342 85 graph;
#X connect 0 0 1 0;
#X connect 1 0 5 0;
#X connect 1 1 4 0;
#X connect 2 0 3 0;
#X connect 2 0 6 0;
#X connect 2 0 9 0;
#X connect 3 0 2 1;
#X connect 4 0 2 1;
#X connect 5 0 2 0;
#X connect 6 0 10 0;
#X connect 6 1 7 1;
#X connect 8 0 7 0;
#X connect 9 0 5 1;
#X connect 10 0 8 0;
#X restore 255 647 pd make-table;
#X obj 247 478 cos~;
#X obj 247 453 -~ 0.25;
#X obj 247 530 +~ 100;
#X obj 247 553 tabread4~ bell-curve;
#X obj 133 619 *~;
#X text 279 578 waveshaper;
#X obj 29 314 mtof;
#X obj 160 333 expr 1/$f1;
#X obj 138 261 mtof;
#X obj 138 357 *~;
#X text 334 277 bandwidth;
#X obj 336 326 mtof;
#X obj 336 411 *~;
#X obj 336 435 *~ 25;
#X text 376 410 divide by fundamental;
#X text 394 434 range for table;
#X text 313 529 offset to middle of table;
#X text 145 379 C.F. relative;
#X text 146 395 to fundamental;
#X text 18 266 (MIDI units);
#X text 169 617 ring mod;
#X obj 133 646 output~;
#X text 20 123 Here we take a somewhat lax approach to sampholding
the center frequency control. The frequency itself changes instantly
\, but the center/fundamental frequency ratio waits for the next period.
This gives a slight "chirp" if the fundamental is abruptly raised a
couple of octaves. There's no easy way using Pd's built-in primitives
to avoid this. Note however that there's a "paf~" extern available
which solves this problem better and \, moreover \, runs much faster.
;
#X obj 247 428 *~ 0.5;
#X obj 1 1 cnv 15 445 20 empty \$0-pddp.cnv.header changing_PAF_controls_to_natural_units
20 10 1 18 -261139 -33289 0;
#X obj 407 2 pddp/pddplink http://puredata.info/dev/pddp -text pddp
;
#X text 19 37 The more "natural" units for describing a formant might
be center frequency and bandwidth \, so that you can change the fundamental
without having the formant shift up and down in parallel. Here all
three frequencies are expressed in MIDI units. The bandwidth and center
frequency have to be divided by the fundamental (the expr 1/$f1 takes
its reciprocal and two [*~] objects finish the division.);
#X text 136 222 center freq.;
#X obj 1 711 cnv 15 445 20 empty \$0-pddp.cnv.footer empty 20 12 0
14 -233017 -33289 0;
#N canvas 44 246 494 284 META 0;
#X text 12 125 WEBSITE http://crca.ucsd.edu/~msp/;
#X text 12 105 AUTHOR Miller Puckette;
#X text 12 85 LIBRARY PDDP;
#X text 12 5 GENRE tutorial;
#X text 12 45 LICENSE SIBSD;
#X text 12 145 HELP_PATCH_AUTHORS Updated for release 0.37. Jonathan
Wilkes revised the patch to conform to the PDDP template for Pd version
0.42.;
#X text 12 65 DESCRIPTION changing PAF controls to natural units;
#X text 12 25 KEYWORDS signal;
#X restore 392 713 pd META;
#N canvas 13 202 428 190 References 0;
#X obj 1 1 cnv 15 425 20 empty \$0-pddp.cnv.subheading empty 3 12 0
14 -261139 -33289 0;
#X text 7 2 PAF- Related Help Documents;
#X text 19 37 links:;
#X restore 103 713 pd References;
#X obj 6 713 pddp/pddplink ../5.reference/pddp/help.pd -text help;
#X connect 0 0 6 1;
#X connect 0 0 8 0;
#X connect 1 0 5 0;
#X connect 1 0 0 0;
#X connect 2 0 6 0;
#X connect 3 0 4 1;
#X connect 3 0 7 1;
#X connect 4 0 1 1;
#X connect 5 0 2 0;
#X connect 6 0 7 0;
#X connect 7 0 8 1;
#X connect 8 0 25 0;
#X connect 9 0 4 0;
#X connect 9 0 3 0;
#X connect 10 0 29 0;
#X connect 11 0 30 0;
#X connect 12 0 11 0;
#X connect 13 0 9 1;
#X connect 13 0 1 0;
#X connect 13 0 5 1;
#X connect 13 0 44 0;
#X connect 14 0 27 0;
#X connect 16 0 32 0;
#X connect 17 0 33 0;
#X connect 18 0 23 0;
#X connect 19 0 17 0;
#X connect 21 0 18 0;
#X connect 22 0 21 0;
#X connect 23 0 24 0;
#X connect 24 0 25 1;
#X connect 25 0 42 0;
#X connect 25 0 42 1;
#X connect 27 0 28 0;
#X connect 27 0 13 0;
#X connect 28 0 30 1;
#X connect 28 0 33 1;
#X connect 29 0 12 0;
#X connect 30 0 9 0;
#X connect 32 0 19 0;
#X connect 33 0 34 0;
#X connect 34 0 18 1;
#X connect 44 0 22 0;
